line	Current_mac	New_mac
24	571	0
924	964	0
2020	916	0
3106	576	0
4797	636	0
6615	671	0
7364	583	0
7563	642	0
11004	979	0
12232	621	0
13468	800	0
14347	808	0
14967	709	0
15661	856	0
18744	802	0
5	22	0
7	75	0
9	69	0
18	71	0
22	21	0
30	115	0
39	30	0
40	28	0
75	30	0
89	96	0
116	36	0
118	234	0
119	93	0
159	21	0
179	53	0
183	144	0
189	50	0
220	296	0
233	70	0
237	285	0
238	73	0
241	30	0
250	119	0
276	137	0
278	155	0
283	60	0
287	30	0
292	60	0
299	60	0
308	99	0
320	77	0
335	54	0
336	73	0
348	185	0
351	243	0
354	236	0
373	47	0
375	271	0
376	22	0
379	31	0
384	28	0
422	51	0
433	135	0
437	23	0
452	71	0
501	347	0
509	321	0
522	22	0
527	37	0
550	318	0
554	109	0
559	273	0
561	23	0
621	68	0
625	131	0
629	45	0
633	32	0
657	93	0
665	269	0
673	73	0
675	195	0
681	54	0
683	55	0
698	42	0
700	59	0
724	24	0
726	34	0
727	41	0
748	24	0
751	247	0
766	54	0
769	73	0
803	64	0
805	64	0
811	124	0
828	68	0
829	502	0
832	32	0
849	105	0
888	24	0
895	41	0
927	27	0
940	47	0
943	29	0
944	24	0
950	57	0
961	67	0
990	21	0
1006	28	0
1014	31	0
1017	30	0
1029	73	0
1061	87	0
1062	168	0
1066	301	0
1099	96	0
1110	32	0
1121	21	0
1125	39	0
1151	24	0
1172	24	0
1181	29	0
1232	21	0
1233	60	0
1245	28	0
1258	101	0
1260	31	0
1284	85	0
1287	33	0
1295	34	0
1317	56	0
1323	263	0
1339	539	0
1348	25	0
1367	88	0
1385	66	0
1388	25	0
1397	43	0
1461	37	0
1466	45	0
1472	21	0
1478	290	0
1480	42	0
1502	198	0
1510	97	0
1514	171	0
1520	42	0
1523	131	0
1527	42	0
1528	134	0
1539	140	0
1576	57	0
1581	30	0
1584	198	0
1598	253	0
1610	52	0
1612	27	0
1619	162	0
1638	23	0
1647	60	0
1659	86	0
1678	78	0
1683	562	0
1691	24	0
1702	23	0
1714	46	0
1755	67	0
1765	31	0
1817	164	0
1826	128	0
1829	22	0
1836	68	0
1841	56	0
1842	27	0
1843	65	0
1846	428	0
1854	25	0
1874	181	0
1886	22	0
1890	45	0
1909	121	0
1912	29	0
1933	27	0
1945	307	0
1949	57	0
1960	21	0
1974	294	0
2008	113	0
2015	147	0
2019	56	0
2029	104	0
2036	34	0
2063	130	0
2065	82	0
2075	114	0
2096	235	0
2131	284	0
2138	31	0
2152	153	0
2163	512	0
2170	93	0
2179	65	0
2201	38	0
2208	26	0
2209	194	0
2213	424	0
2225	51	0
2252	68	0
2311	193	0
2315	38	0
2325	24	0
2341	24	0
2380	62	0
2384	68	0
2397	21	0
2403	44	0
2412	84	0
2433	22	0
2435	92	0
2445	117	0
2466	43	0
2473	175	0
2475	46	0
2477	47	0
2494	237	0
2498	30	0
2503	28	0
2509	42	0
2530	290	0
2533	40	0
2542	80	0
2571	120	0
2573	47	0
2581	155	0
2606	37	0
2617	76	0
2628	49	0
2631	25	0
2655	60	0
2658	164	0
2668	25	0
2678	153	0
2679	21	0
2682	67	0
2684	39	0
2690	31	0
2693	60	0
2704	162	0
2712	38	0
2716	74	0
2717	49	0
2749	57	0
2761	21	0
2767	65	0
2778	71	0
2787	115	0
2791	32	0
2798	47	0
2803	187	0
2821	54	0
2833	22	0
2834	65	0
2842	49	0
2851	55	0
2861	26	0
2863	28	0
2889	30	0
2894	32	0
2912	48	0
2926	91	0
2937	29	0
2938	30	0
2940	27	0
2954	98	0
2959	21	0
2971	21	0
2976	41	0
2988	107	0
3005	74	0
3008	249	0
3010	94	0
3021	26	0
3024	32	0
3033	40	0
3036	146	0
3047	73	0
3049	56	0
3056	52	0
3076	23	0
3088	34	0
3116	35	0
3121	92	0
3136	25	0
3142	26	0
3167	31	0
3173	31	0
3177	40	0
3184	39	0
3186	31	0
3247	79	0
3248	44	0
3282	55	0
3285	22	0
3301	227	0
3304	73	0
3316	34	0
3319	22	0
3322	132	0
3326	21	0
3331	532	0
3333	344	0
3339	124	0
3348	25	0
3374	58	0
3375	75	0
3377	105	0
3409	36	0
3414	123	0
3418	23	0
3422	316	0
3427	156	0
3430	35	0
3465	67	0
3470	91	0
3487	24	0
3498	22	0
3519	49	0
3526	38	0
3530	98	0
3532	37	0
3555	32	0
3565	32	0
3603	336	0
3620	155	0
3645	130	0
3650	218	0
3657	86	0
3673	23	0
3692	113	0
3698	43	0
3712	27	0
3719	42	0
3747	47	0
3754	22	0
3756	32	0
3768	202	0
3779	99	0
3785	23	0
3800	61	0
3806	54	0
3809	46	0
3813	48	0
3814	116	0
3816	55	0
3820	30	0
3833	61	0
3847	35	0
3859	23	0
3860	23	0
3878	40	0
3882	115	0
3923	313	0
3924	21	0
3932	173	0
3935	88	0
3953	21	0
3960	44	0
3967	24	0
3968	51	0
3977	25	0
3998	52	0
4008	87	0
4026	44	0
4035	59	0
4036	33	0
4049	23	0
4053	77	0
4089	309	0
4102	92	0
4117	221	0
4118	32	0
4121	93	0
4124	24	0
4128	87	0
4145	35	0
4163	30	0
4186	205	0
4191	552	0
4225	23	0
4230	24	0
4245	31	0
4257	65	0
4265	71	0
4280	60	0
4299	22	0
4300	159	0
4317	47	0
4327	60	0
4330	66	0
4341	117	0
4347	48	0
4364	30	0
4391	68	0
4420	23	0
4456	71	0
4468	34	0
4471	110	0
4491	156	0
4526	51	0
4527	48	0
4560	90	0
4571	134	0
4574	27	0
4580	73	0
4607	39	0
4617	45	0
4621	136	0
4658	131	0
4659	51	0
4678	23	0
4685	299	0
4711	29	0
4716	275	0
4720	35	0
4723	68	0
4737	96	0
4744	43	0
4748	23	0
4769	62	0
4783	76	0
4787	178	0
4804	28	0
4813	208	0
4814	44	0
4817	113	0
4840	37	0
4846	187	0
4859	227	0
4880	447	0
4931	40	0
4932	36	0
4934	113	0
4938	23	0
4939	38	0
4942	70	0
4962	57	0
4964	30	0
4971	36	0
4973	25	0
4990	58	0
4992	42	0
4993	127	0
4996	77	0
5004	86	0
5007	26	0
5018	48	0
5026	22	0
5039	97	0
5048	103	0
5052	40	0
5059	59	0
5067	239	0
5083	95	0
5103	166	0
5107	78	0
5118	25	0
5153	25	0
5179	34	0
5183	211	0
5191	132	0
5203	70	0
5210	160	0
5226	46	0
5227	27	0
5241	58	0
5246	44	0
5263	68	0
5273	40	0
5306	31	0
5333	439	0
5338	213	0
5342	236	0
5355	134	0
5360	155	0
5375	37	0
5380	33	0
5392	79	0
5393	169	0
5401	31	0
5404	28	0
5407	30	0
5419	34	0
5432	122	0
5435	25	0
5448	25	0
5452	99	0
5467	170	0
5497	185	0
5500	54	0
5526	21	0
5529	259	0
5538	56	0
5625	171	0
5636	28	0
5655	55	0
5656	53	0
5664	54	0
5677	36	0
5684	120	0
5685	26	0
5688	33	0
5692	33	0
5708	42	0
5718	131	0
5723	23	0
5732	30	0
5740	27	0
5765	191	0
5766	80	0
5776	29	0
5782	102	0
5794	59	0
5810	149	0
5820	273	0
5843	35	0
5865	155	0
5867	273	0
5899	146	0
5911	75	0
5913	53	0
5916	41	0
5923	36	0
5933	131	0
5949	42	0
5983	59	0
6026	23	0
6039	39	0
6043	24	0
6050	24	0
6084	24	0
6088	21	0
6095	50	0
6107	37	0
6119	30	0
6171	77	0
6191	32	0
6197	122	0
6201	54	0
6205	274	0
6245	41	0
6272	35	0
6275	31	0
6281	24	0
6294	24	0
6313	151	0
6367	177	0
6413	29	0
6419	35	0
6422	71	0
6451	33	0
6461	54	0
6462	295	0
6468	80	0
6470	24	0
6478	26	0
6499	26	0
6504	83	0
6518	30	0
6527	36	0
6539	76	0
6560	22	0
6561	168	0
6568	59	0
6586	24	0
6617	21	0
6682	24	0
6686	209	0
6689	45	0
6692	41	0
6703	107	0
6737	25	0
6743	68	0
6744	53	0
6749	22	0
6758	37	0
6765	62	0
6815	87	0
6828	138	0
6836	48	0
6840	82	0
6844	32	0
6861	59	0
6868	31	0
6870	63	0
6871	21	0
6872	23	0
6875	24	0
6877	43	0
6881	186	0
6887	438	0
6895	35	0
6910	146	0
6923	23	0
6931	21	0
6955	37	0
6965	29	0
7002	41	0
7007	186	0
7015	28	0
7017	171	0
7026	21	0
7031	73	0
7039	147	0
7059	23	0
7061	230	0
7083	44	0
7095	30	0
7125	58	0
7126	111	0
7128	28	0
7138	108	0
7141	185	0
7154	94	0
7158	197	0
7164	58	0
7196	433	0
7218	344	0
7234	150	0
7236	537	0
7261	43	0
7266	27	0
7268	31	0
7286	66	0
7296	82	0
7308	41	0
7321	25	0
7324	30	0
7345	76	0
7352	33	0
7357	257	0
7369	121	0
7370	49	0
7372	34	0
7374	21	0
7382	41	0
7386	95	0
7389	27	0
7392	121	0
7401	68	0
7405	50	0
7413	24	0
7415	56	0
7417	168	0
7427	21	0
7438	102	0
7439	33	0
7452	50	0
7459	92	0
7480	29	0
7485	23	0
7492	43	0
7515	29	0
7516	46	0
7520	212	0
7523	204	0
7529	169	0
7539	50	0
7578	129	0
7581	56	0
7592	255	0
7603	41	0
7621	21	0
7638	33	0
7656	40	0
7659	49	0
7676	106	0
7686	104	0
7692	401	0
7698	22	0
7699	130	0
7705	28	0
7712	76	0
7714	27	0
7716	25	0
7736	53	0
7751	33	0
7762	39	0
7764	23	0
7769	38	0
7771	58	0
7780	70	0
7781	431	0
7783	42	0
7788	23	0
7799	27	0
7800	96	0
7826	222	0
7827	178	0
7831	41	0
7855	495	0
7856	72	0
7864	65	0
7886	28	0
7888	147	0
7914	123	0
7929	227	0
7932	22	0
7936	157	0
7944	81	0
7962	32	0
7972	35	0
7976	170	0
7977	26	0
7994	52	0
8004	118	0
8007	41	0
8011	90	0
8016	22	0
8031	313	0
8039	81	0
8062	91	0
8065	31	0
8066	85	0
8071	39	0
8075	150	0
8085	38	0
8087	43	0
8103	79	0
8109	53	0
8129	34	0
8137	124	0
8139	25	0
8146	350	0
8169	143	0
8179	29	0
8181	44	0
8193	40	0
8198	214	0
8204	24	0
8215	123	0
8227	81	0
8231	28	0
8233	183	0
8256	149	0
8269	29	0
8279	98	0
8300	72	0
8348	145	0
8374	26	0
8402	35	0
8406	48	0
8435	46	0
8436	25	0
8439	25	0
8514	68	0
8516	30	0
8523	76	0
8526	239	0
8527	24	0
8540	219	0
8543	64	0
8586	327	0
8588	41	0
8603	148	0
8606	146	0
8611	34	0
8621	23	0
8627	37	0
8636	23	0
8658	97	0
8661	76	0
8665	48	0
8677	110	0
8682	147	0
8689	23	0
8705	26	0
8708	304	0
8710	191	0
8727	61	0
8739	352	0
8740	86	0
8742	35	0
8744	22	0
8750	28	0
8758	431	0
8760	157	0
8771	95	0
8780	103	0
8781	93	0
8783	95	0
8804	43	0
8831	152	0
8841	131	0
8886	123	0
8910	128	0
8924	49	0
8952	70	0
8953	280	0
8962	56	0
8967	561	0
8976	21	0
8988	150	0
8989	101	0
9000	55	0
9018	317	0
9052	28	0
9060	65	0
9065	30	0
9067	26	0
9068	33	0
9077	24	0
9079	22	0
9082	34	0
9085	101	0
9092	49	0
9132	132	0
9148	24	0
9157	35	0
9174	54	0
9179	88	0
9185	119	0
9196	37	0
9215	54	0
9226	46	0
9244	167	0
9258	320	0
9271	39	0
9278	29	0
9291	30	0
9320	88	0
9329	102	0
9333	38	0
9339	25	0
9343	37	0
9345	43	0
9352	21	0
9357	120	0
9362	194	0
9363	21	0
9364	121	0
9365	23	0
9367	263	0
9394	23	0
9421	62	0
9424	28	0
9430	23	0
9440	108	0
9446	72	0
9453	22	0
9459	100	0
9472	57	0
9473	110	0
9476	64	0
9481	171	0
9510	37	0
9516	31	0
9528	41	0
9558	39	0
9585	28	0
9594	134	0
9605	168	0
9611	300	0
9616	21	0
9623	71	0
9646	22	0
9657	107	0
9670	26	0
9677	33	0
9687	43	0
9689	81	0
9700	81	0
9709	178	0
9710	40	0
9724	230	0
9760	21	0
9775	72	0
9797	68	0
9800	97	0
9813	142	0
9817	95	0
9825	327	0
9834	22	0
9836	55	0
9837	68	0
9841	47	0
9844	219	0
9856	201	0
9858	74	0
9870	23	0
9920	64	0
9923	30	0
9930	58	0
9943	147	0
9958	33	0
9983	107	0
9996	38	0
10003	83	0
10005	133	0
10008	61	0
10014	28	0
10020	135	0
10025	108	0
10062	180	0
10081	21	0
10105	159	0
10110	32	0
10118	24	0
10120	76	0
10126	41	0
10137	47	0
10153	33	0
10174	119	0
10205	24	0
10214	51	0
10218	28	0
10237	34	0
10252	91	0
10256	228	0
10275	40	0
10277	25	0
10282	22	0
10298	126	0
10330	76	0
10346	82	0
10366	29	0
10417	39	0
10445	194	0
10452	68	0
10478	26	0
10496	24	0
10500	24	0
10508	81	0
10523	32	0
10526	25	0
10541	30	0
10542	150	0
10557	45	0
10576	126	0
10581	26	0
10583	29	0
10587	25	0
10589	34	0
10612	149	0
10613	37	0
10638	38	0
10642	126	0
10682	143	0
10697	137	0
10706	34	0
10736	30	0
10751	26	0
10780	28	0
10786	56	0
10810	23	0
10820	101	0
10825	124	0
10833	25	0
10838	98	0
10848	30	0
10875	21	0
10910	30	0
10913	38	0
10929	81	0
10931	159	0
10934	279	0
10935	31	0
10940	32	0
10950	25	0
10953	46	0
10958	85	0
10961	281	0
10985	56	0
10989	27	0
10998	63	0
11006	37	0
11007	27	0
11013	178	0
11028	27	0
11042	52	0
11047	59	0
11056	36	0
11059	38	0
11062	27	0
11084	55	0
11090	32	0
11101	54	0
11105	74	0
11120	30	0
11146	27	0
11154	32	0
11160	39	0
11166	230	0
11176	37	0
11183	203	0
11206	61	0
11227	54	0
11271	158	0
11276	155	0
11277	111	0
11295	153	0
11311	78	0
11324	40	0
11329	378	0
11345	24	0
11349	21	0
11379	78	0
11387	303	0
11405	114	0
11406	123	0
11416	100	0
11432	28	0
11434	55	0
11448	29	0
11457	121	0
11466	30	0
11467	22	0
11471	39	0
11503	281	0
11528	29	0
11537	25	0
11541	92	0
11548	77	0
11553	21	0
11559	52	0
11560	157	0
11575	99	0
11581	36	0
11584	266	0
11611	109	0
11622	32	0
11627	30	0
11639	82	0
11641	412	0
11680	53	0
11681	39	0
11683	28	0
11684	351	0
11709	33	0
11719	24	0
11727	29	0
11731	107	0
11743	32	0
11758	26	0
11779	24	0
11804	39	0
11839	399	0
11856	27	0
11863	69	0
11868	40	0
11871	33	0
11907	32	0
11909	27	0
11912	29	0
11916	234	0
11958	30	0
11968	23	0
11972	28	0
11980	236	0
11983	58	0
12011	153	0
12020	33	0
12021	57	0
12022	230	0
12097	90	0
12107	99	0
12110	73	0
12128	36	0
12137	72	0
12159	39	0
12161	78	0
12200	62	0
12223	85	0
12243	62	0
12254	137	0
12259	129	0
12272	22	0
12280	24	0
12295	74	0
12297	37	0
12319	171	0
12338	87	0
12352	150	0
12361	48	0
12384	72	0
12396	206	0
12410	199	0
12415	37	0
12419	40	0
12430	90	0
12446	22	0
12454	149	0
12465	24	0
12494	155	0
12512	122	0
12518	35	0
12523	86	0
12552	87	0
12561	52	0
12566	64	0
12571	261	0
12575	192	0
12580	123	0
12583	161	0
12593	27	0
12605	260	0
12621	32	0
12630	53	0
12646	92	0
12651	142	0
12652	235	0
12659	22	0
12665	49	0
12670	342	0
12680	74	0
12683	515	0
12685	71	0
12696	77	0
12718	34	0
12727	38	0
12753	281	0
12799	84	0
12828	61	0
12855	29	0
12860	39	0
12861	64	0
12866	34	0
12871	103	0
12887	40	0
12894	48	0
12913	117	0
12921	30	0
12925	198	0
12929	50	0
12966	164	0
12973	31	0
12977	28	0
12983	24	0
12987	387	0
12998	57	0
13006	21	0
13017	77	0
13032	81	0
13064	41	0
13067	53	0
13087	21	0
13142	229	0
13159	373	0
13163	21	0
13185	29	0
13199	40	0
13200	22	0
13209	61	0
13221	58	0
13232	204	0
13246	115	0
13251	27	0
13256	154	0
13262	31	0
13276	51	0
13290	41	0
13292	142	0
13298	64	0
13302	28	0
13312	31	0
13316	463	0
13321	22	0
13325	40	0
13360	23	0
13388	33	0
13447	21	0
13449	90	0
13450	28	0
13457	34	0
13462	200	0
13482	24	0
13491	129	0
13527	56	0
13531	51	0
13539	69	0
13550	55	0
13556	27	0
13565	232	0
13569	77	0
13597	37	0
13598	213	0
13601	48	0
13607	36	0
13621	156	0
13628	101	0
13633	97	0
13652	35	0
13667	117	0
13710	23	0
13718	29	0
13725	51	0
13740	103	0
13745	37	0
13753	80	0
13761	144	0
13770	30	0
13775	33	0
13796	77	0
13798	22	0
13824	204	0
13848	25	0
13883	23	0
13912	24	0
13919	46	0
13954	107	0
13961	135	0
13966	229	0
13979	201	0
14006	25	0
14015	59	0
14029	67	0
14034	32	0
14036	21	0
14040	203	0
14046	99	0
14067	252	0
14072	25	0
14074	23	0
14102	110	0
14141	74	0
14169	25	0
14185	53	0
14195	38	0
14200	98	0
14201	217	0
14205	75	0
14218	91	0
14231	165	0
14232	28	0
14233	65	0
14235	64	0
14247	37	0
14270	51	0
14271	126	0
14286	287	0
14294	365	0
14298	63	0
14301	176	0
14307	51	0
14315	35	0
14329	25	0
14348	25	0
14349	55	0
14358	198	0
14362	46	0
14371	45	0
14374	54	0
14375	125	0
14404	33	0
14411	52	0
14422	171	0
14425	330	0
14429	32	0
14433	283	0
14437	39	0
14448	35	0
14452	25	0
14461	77	0
14466	50	0
14483	40	0
14495	30	0
14496	41	0
14501	79	0
14506	311	0
14523	109	0
14527	36	0
14532	97	0
14544	22	0
14549	99	0
14570	146	0
14571	41	0
14572	136	0
14586	73	0
14590	74	0
14609	26	0
14610	36	0
14617	104	0
14622	118	0
14623	26	0
14640	39	0
14643	167	0
14650	30	0
14669	33	0
14674	105	0
14686	48	0
14687	60	0
14690	140	0
14694	70	0
14695	79	0
14704	28	0
14710	103	0
14712	36	0
14718	63	0
14742	28	0
14749	106	0
14754	78	0
14782	38	0
14790	74	0
14815	198	0
14824	26	0
14826	26	0
14831	107	0
14844	37	0
14848	26	0
14852	99	0
14861	34	0
14877	40	0
14904	22	0
14920	118	0
14927	22	0
14958	21	0
14965	28	0
14980	155	0
14987	497	0
15008	182	0
15026	21	0
15055	330	0
15077	97	0
15086	26	0
15094	27	0
15128	35	0
15130	123	0
15133	22	0
15153	54	0
15188	30	0
15189	80	0
15194	338	0
15196	87	0
15232	35	0
15241	22	0
15252	36	0
15253	31	0
15254	44	0
15259	39	0
15293	45	0
15307	27	0
15310	177	0
15381	34	0
15383	26	0
15409	35	0
15457	158	0
15508	160	0
15519	61	0
15525	34	0
15531	71	0
15554	76	0
15585	35	0
15606	34	0
15619	109	0
15620	37	0
15623	74	0
15639	121	0
15641	172	0
15651	132	0
15669	23	0
15670	51	0
15672	72	0
15678	252	0
15685	302	0
15688	51	0
15691	45	0
15728	61	0
15756	55	0
15819	50	0
15832	200	0
15863	50	0
15864	32	0
15868	41	0
15887	61	0
15920	184	0
15934	44	0
15949	30	0
15978	310	0
15999	282	0
16019	224	0
16034	42	0
16036	157	0
16041	86	0
16044	26	0
16059	24	0
16092	198	0
16101	196	0
16109	83	0
16114	37	0
16138	66	0
16153	108	0
16167	103	0
16193	26	0
16205	132	0
16207	44	0
16209	83	0
16217	120	0
16220	72	0
16221	100	0
16224	23	0
16244	65	0
16246	55	0
16248	163	0
16276	254	0
16291	28	0
16294	98	0
16308	126	0
16311	49	0
16321	77	0
16325	44	0
16343	36	0
16359	80	0
16371	64	0
16381	111	0
16391	34	0
16396	47	0
16401	25	0
16404	30	0
16410	58	0
16420	27	0
16443	149	0
16454	41	0
16465	76	0
16472	333	0
16493	42	0
16495	32	0
16505	29	0
16524	38	0
16534	27	0
16551	43	0
16570	53	0
16593	182	0
16625	28	0
16631	23	0
16648	21	0
16653	173	0
16668	23	0
16693	90	0
16708	58	0
16713	31	0
16714	75	0
16731	31	0
16735	26	0
16756	191	0
16770	35	0
16799	48	0
16805	101	0
16806	21	0
16812	24	0
16815	36	0
16829	47	0
16838	479	0
16852	35	0
16858	270	0
16862	57	0
16892	71	0
16916	170	0
16918	153	0
16932	25	0
16934	32	0
16937	358	0
16949	55	0
16951	46	0
16965	27	0
16977	71	0
16987	32	0
16994	276	0
16997	75	0
17005	88	0
17012	70	0
17017	40	0
17022	29	0
17031	76	0
17058	28	0
17060	33	0
17065	26	0
17076	97	0
17084	23	0
17088	65	0
17095	158	0
17105	35	0
17112	60	0
17156	40	0
17157	43	0
17161	119	0
17162	27	0
17167	94	0
17169	84	0
17202	46	0
17207	270	0
17235	28	0
17244	80	0
17258	53	0
17269	89	0
17277	23	0
17302	54	0
17303	26	0
17338	33	0
17339	55	0
17363	25	0
17365	35	0
17376	116	0
17396	32	0
17408	93	0
17416	140	0
17422	131	0
17453	40	0
17469	26	0
17483	62	0
17490	401	0
17492	60	0
17511	111	0
17514	303	0
17520	59	0
17523	252	0
17534	85	0
17540	66	0
17559	55	0
17563	129	0
17568	30	0
17582	27	0
17587	193	0
17604	98	0
17607	51	0
17612	38	0
17623	62	0
17625	21	0
17629	469	0
17632	31	0
17635	33	0
17641	86	0
17643	75	0
17647	181	0
17648	65	0
17649	212	0
17654	32	0
17664	48	0
17698	22	0
17705	52	0
17708	24	0
17709	75	0
17716	27	0
17721	47	0
17741	162	0
17743	29	0
17762	107	0
17799	72	0
17809	55	0
17825	33	0
17827	46	0
17828	42	0
17830	70	0
17860	96	0
17879	147	0
17880	21	0
17886	43	0
17898	47	0
17907	24	0
17910	101	0
17915	105	0
17923	28	0
17928	81	0
17936	177	0
17961	118	0
18007	149	0
18020	31	0
18024	302	0
18045	33	0
18060	42	0
18063	262	0
18077	189	0
18078	22	0
18083	27	0
18093	29	0
18095	50	0
18097	34	0
18098	38	0
18101	25	0
18126	43	0
18145	133	0
18152	44	0
18154	28	0
18159	224	0
18184	270	0
18197	324	0
18200	22	0
18209	40	0
18220	22	0
18244	232	0
18257	38	0
18275	220	0
18287	89	0
18308	512	0
18345	22	0
18361	30	0
18366	52	0
18367	31	0
18384	49	0
18391	74	0
18419	30	0
18438	328	0
18442	209	0
18448	28	0
18460	123	0
18485	122	0
18493	41	0
18502	97	0
18505	21	0
18525	27	0
18530	134	0
18558	33	0
18570	86	0
18571	22	0
18580	52	0
18588	31	0
18609	106	0
18625	34	0
18635	89	0
18653	30	0
18669	35	0
18698	117	0
18722	52	0
18729	50	0
18749	27	0
18750	24	0
18757	47	0
18761	41	0
18785	54	0
18803	29	0
18805	356	0
18807	69	0
18826	22	0
18837	31	0
18838	179	0
18853	125	0
18856	22	0
18858	47	0
18869	110	0
18876	65	0
18881	26	0
18889	37	0
18890	27	0
18895	31	0
18901	171	0
18907	26	0
18919	77	0
18920	26	0
18930	480	0
18950	47	0
18962	90	0
18964	53	0
18974	193	0
18977	101	0
18993	152	0
18994	100	0
18997	75	0
19016	21	0
19026	84	0
45	16	0
103	18	0
105	12	0
219	20	0
265	17	0
279	18	0
428	19	0
466	13	0
481	13	0
523	11	0
526	18	0
580	16	0
586	18	0
588	16	0
613	11	0
669	12	0
706	15	0
746	12	0
775	20	0
806	16	0
839	13	0
857	20	0
923	20	0
941	14	0
953	20	0
978	15	0
1013	18	0
1036	13	0
1063	19	0
1158	13	0
1192	14	0
1228	12	0
1309	15	0
1402	17	0
1451	18	0
1487	16	0
1496	13	0
1500	17	0
1565	12	0
1580	16	0
1602	12	0
1623	19	0
1624	18	0
1632	16	0
1650	13	0
1720	18	0
1754	17	0
1784	20	0
1786	11	0
1798	12	0
1830	15	0
1837	11	0
1931	17	0
1953	16	0
1986	14	0
1999	14	0
2031	14	0
2120	11	0
2127	12	0
2156	17	0
2172	17	0
2193	12	0
2265	13	0
2320	15	0
2330	14	0
2487	15	0
2489	14	0
2502	12	0
2515	14	0
2520	14	0
2528	19	0
2557	17	0
2565	18	0
2589	13	0
2609	15	0
2616	14	0
2653	20	0
2689	17	0
2695	15	0
2710	11	0
2730	18	0
2737	14	0
2771	12	0
2789	17	0
2799	13	0
2831	15	0
2854	13	0
2925	20	0
2943	19	0
2977	16	0
2979	17	0
2990	11	0
3066	13	0
3133	14	0
3175	20	0
3210	13	0
3238	20	0
3241	11	0
3271	19	0
3279	16	0
3359	12	0
3360	15	0
3388	13	0
3403	20	0
3415	16	0
3455	12	0
3459	18	0
3493	20	0
3581	14	0
3629	19	0
3660	17	0
3700	15	0
3704	16	0
3721	19	0
3792	12	0
3810	12	0
3858	11	0
3872	19	0
3888	11	0
3895	11	0
3983	18	0
4080	17	0
4115	13	0
4184	13	0
4208	11	0
4217	12	0
4259	11	0
4309	12	0
4404	14	0
4409	13	0
4422	12	0
4450	19	0
4469	13	0
4481	18	0
4484	16	0
4515	15	0
4530	15	0
4581	19	0
4600	19	0
4604	19	0
4609	15	0
4712	17	0
4721	17	0
4766	11	0
4779	15	0
4780	16	0
4820	13	0
4837	19	0
4851	12	0
4857	15	0
4861	12	0
4870	15	0
4874	16	0
4886	19	0
4907	18	0
4917	19	0
4925	18	0
4987	14	0
5011	13	0
5041	15	0
5056	15	0
5079	15	0
5100	15	0
5146	13	0
5212	11	0
5220	19	0
5232	14	0
5244	12	0
5252	11	0
5253	13	0
5296	18	0
5310	16	0
5426	14	0
5480	12	0
5502	19	0
5534	17	0
5543	16	0
5572	13	0
5588	11	0
5669	17	0
5671	17	0
5687	11	0
5690	19	0
5780	15	0
5803	13	0
5821	13	0
5825	20	0
5920	13	0
5922	19	0
5932	16	0
5945	14	0
5947	20	0
5984	15	0
5994	17	0
6067	11	0
6096	20	0
6130	15	0
6135	11	0
6161	15	0
6176	12	0
6210	17	0
6218	11	0
6280	15	0
6284	20	0
6287	13	0
6310	18	0
6323	18	0
6372	12	0
6426	15	0
6494	17	0
6533	12	0
6606	12	0
6611	11	0
6635	20	0
6645	13	0
6655	20	0
6693	12	0
6702	12	0
6704	11	0
6750	20	0
6752	19	0
6763	12	0
6820	13	0
6829	11	0
6857	11	0
6892	20	0
6894	16	0
6981	19	0
7038	20	0
7047	18	0
7055	11	0
7134	12	0
7155	20	0
7156	13	0
7203	15	0
7211	18	0
7219	11	0
7237	19	0
7245	18	0
7327	12	0
7350	17	0
7390	17	0
7541	15	0
7595	19	0
7672	20	0
7701	15	0
7726	11	0
7750	18	0
7757	13	0
7866	12	0
7869	16	0
7899	16	0
7921	13	0
7956	12	0
8038	16	0
8090	11	0
8104	12	0
8124	16	0
8200	16	0
8250	15	0
8251	12	0
8277	18	0
8308	13	0
8310	12	0
8337	20	0
8477	14	0
8528	12	0
8539	17	0
8554	11	0
8702	13	0
8731	12	0
8759	13	0
8877	13	0
8897	17	0
9080	18	0
9112	18	0
9125	11	0
9139	14	0
9240	18	0
9259	15	0
9429	20	0
9434	18	0
9470	20	0
9484	20	0
9511	14	0
9591	17	0
9620	12	0
9661	15	0
9666	15	0
9681	12	0
9686	20	0
9899	18	0
9924	14	0
9952	12	0
9964	18	0
9971	16	0
9987	12	0
10007	19	0
10010	16	0
10037	16	0
10128	18	0
10178	11	0
10216	13	0
10228	16	0
10263	11	0
10280	13	0
10370	11	0
10393	18	0
10423	16	0
10474	14	0
10489	11	0
10567	16	0
10663	13	0
10701	13	0
10805	13	0
10889	14	0
10921	12	0
10996	20	0
11076	17	0
11095	11	0
11099	18	0
11114	12	0
11124	17	0
11134	14	0
11144	15	0
11182	20	0
11270	20	0
11296	16	0
11372	16	0
11392	11	0
11430	16	0
11431	12	0
11441	14	0
11479	19	0
11499	14	0
11542	13	0
11585	20	0
11599	15	0
11602	11	0
11784	16	0
11828	13	0
11834	11	0
11862	14	0
11888	14	0
11921	19	0
11923	16	0
11925	16	0
11930	16	0
11939	17	0
11951	18	0
11955	15	0
11987	15	0
12105	11	0
12237	17	0
12265	13	0
12273	18	0
12290	16	0
12298	13	0
12299	11	0
12306	17	0
12310	17	0
12358	15	0
12388	12	0
12421	13	0
12572	13	0
12587	16	0
12599	20	0
12615	12	0
12675	12	0
12705	19	0
12710	15	0
12761	15	0
12772	15	0
12867	15	0
12940	14	0
13023	14	0
13029	19	0
13031	17	0
13129	13	0
13151	20	0
13162	14	0
13165	18	0
13187	20	0
13190	14	0
13243	15	0
13349	18	0
13470	12	0
13479	15	0
13493	19	0
13629	12	0
13642	11	0
13741	18	0
13862	19	0
13867	11	0
13928	17	0
14003	11	0
14059	17	0
14094	13	0
14128	13	0
14172	18	0
14226	11	0
14243	18	0
14257	12	0
14275	12	0
14296	14	0
14321	14	0
14340	13	0
14381	19	0
14383	19	0
14415	16	0
14471	20	0
14517	13	0
14547	19	0
14583	18	0
14587	19	0
14593	13	0
14606	13	0
14667	12	0
14670	15	0
14676	18	0
14706	13	0
14753	12	0
14773	11	0
14830	18	0
14916	16	0
14926	17	0
14959	12	0
15051	20	0
15059	11	0
15095	17	0
15101	15	0
15149	20	0
15168	12	0
15175	13	0
15244	13	0
15257	14	0
15297	11	0
15305	17	0
15311	16	0
15342	18	0
15394	16	0
15402	14	0
15460	12	0
15470	19	0
15471	14	0
15671	11	0
15674	18	0
15687	13	0
15699	13	0
15784	11	0
15788	14	0
15814	13	0
15858	11	0
15869	17	0
15880	16	0
15898	19	0
15991	11	0
16074	14	0
16093	13	0
16098	11	0
16117	11	0
16132	15	0
16173	18	0
16200	17	0
16255	19	0
16264	11	0
16298	11	0
16336	17	0
16339	20	0
16355	16	0
16366	18	0
16412	11	0
16414	20	0
16436	13	0
16439	14	0
16489	11	0
16502	16	0
16535	16	0
16573	20	0
16574	13	0
16590	17	0
16692	16	0
16697	16	0
16707	13	0
16746	11	0
16784	13	0
16802	17	0
16819	15	0
16902	19	0
16971	19	0
16979	15	0
17008	13	0
17037	14	0
17038	12	0
17113	15	0
17191	18	0
17201	13	0
17228	15	0
17229	14	0
17286	12	0
17300	13	0
17328	15	0
17358	13	0
17400	18	0
17412	12	0
17456	16	0
17500	17	0
17522	15	0
17527	13	0
17589	19	0
17600	11	0
17619	13	0
17658	14	0
17671	17	0
17727	18	0
17804	14	0
17819	14	0
17990	14	0
18073	19	0
18139	16	0
18175	17	0
18176	19	0
18196	11	0
18260	13	0
18423	18	0
18428	11	0
18439	14	0
18561	11	0
18638	12	0
18692	12	0
18715	16	0
18742	20	0
18745	19	0
18781	12	0
18887	17	0
18915	17	0
18927	13	0
18946	14	0
18979	14	0
19009	18	0
19028	17	0
3	6	0
73	7	0
140	10	0
150	10	0
185	9	0
259	7	0
311	6	0
312	7	0
329	7	0
358	10	0
377	9	0
383	7	0
485	7	0
589	8	0
721	7	0
770	10	0
796	9	0
812	10	0
854	7	0
1012	6	0
1043	7	0
1044	9	0
1127	8	0
1177	8	0
1204	6	0
1205	9	0
1208	8	0
1281	8	0
1285	7	0
1375	8	0
1445	7	0
1456	9	0
1550	8	0
1568	8	0
1570	8	0
1573	6	0
1636	9	0
1652	9	0
1706	9	0
1715	7	0
1727	8	0
1773	7	0
1822	8	0
1832	8	0
1870	6	0
1902	9	0
1917	7	0
1956	7	0
2016	6	0
2048	9	0
2140	9	0
2233	6	0
2336	6	0
2337	6	0
2355	6	0
2361	7	0
2371	6	0
2386	6	0
2490	10	0
2544	9	0
2578	7	0
2701	6	0
2770	10	0
2775	9	0
2793	6	0
2835	7	0
2945	9	0
2949	9	0
2966	9	0
3043	9	0
3107	6	0
3130	9	0
3137	10	0
3232	7	0
3341	10	0
3344	10	0
3429	6	0
3492	7	0
3541	8	0
3559	10	0
3636	6	0
3641	6	0
3741	6	0
3777	10	0
3834	7	0
3843	9	0
3900	7	0
3931	6	0
3948	8	0
3984	9	0
4003	7	0
4041	9	0
4081	7	0
4101	7	0
4166	6	0
4470	7	0
4482	7	0
4531	6	0
4558	7	0
4589	6	0
4597	7	0
4647	7	0
4714	6	0
4725	10	0
4752	8	0
4803	9	0
4835	9	0
4860	7	0
4881	7	0
4941	10	0
4945	7	0
5015	6	0
5021	9	0
5157	10	0
5185	8	0
5288	6	0
5341	8	0
5396	6	0
5425	8	0
5429	6	0
5473	7	0
5482	9	0
5503	9	0
5653	6	0
5714	7	0
5720	9	0
5760	6	0
5786	6	0
5827	6	0
5850	6	0
5904	8	0
5927	7	0
5957	9	0
6175	7	0
6178	7	0
6200	9	0
6282	8	0
6398	10	0
6511	6	0
6559	9	0
6571	9	0
6613	6	0
6625	7	0
6649	10	0
6708	9	0
6722	8	0
6745	8	0
6775	6	0
6781	9	0
6876	7	0
6936	9	0
7005	7	0
7092	6	0
7104	6	0
7149	7	0
7181	7	0
7249	7	0
7288	9	0
7368	9	0
7375	7	0
7403	9	0
7440	8	0
7453	6	0
7469	10	0
7483	9	0
7551	6	0
7571	7	0
7607	7	0
7651	6	0
7732	10	0
7753	8	0
7814	10	0
7870	7	0
7988	6	0
8027	6	0
8028	8	0
8032	8	0
8334	9	0
8335	8	0
8368	8	0
8542	7	0
8575	6	0
8581	7	0
8594	8	0
8626	7	0
8652	10	0
8680	7	0
8707	9	0
8772	7	0
8787	7	0
8801	9	0
8802	7	0
8882	9	0
8904	6	0
8907	6	0
8965	8	0
8982	7	0
8996	9	0
8998	8	0
9030	10	0
9053	6	0
9063	6	0
9073	9	0
9091	6	0
9102	9	0
9124	10	0
9266	7	0
9277	7	0
9293	7	0
9311	6	0
9346	7	0
9356	8	0
9449	8	0
9490	7	0
9564	8	0
9615	7	0
9632	9	0
9662	7	0
9665	8	0
9708	9	0
9742	8	0
9759	9	0
9777	6	0
9780	8	0
9854	6	0
9866	10	0
9873	9	0
9957	8	0
9992	8	0
10033	6	0
10039	9	0
10050	7	0
10056	6	0
10061	10	0
10089	8	0
10121	6	0
10234	10	0
10236	10	0
10324	6	0
10516	8	0
10657	10	0
10808	8	0
10813	7	0
10830	9	0
10837	6	0
10879	6	0
10886	6	0
10894	9	0
10896	10	0
10912	10	0
10917	7	0
10963	6	0
10976	10	0
11031	7	0
11083	7	0
11096	8	0
11135	9	0
11143	7	0
11191	6	0
11231	8	0
11261	8	0
11309	6	0
11339	10	0
11357	7	0
11363	10	0
11381	7	0
11399	8	0
11439	9	0
11475	7	0
11601	6	0
11628	6	0
11634	6	0
11658	10	0
11673	6	0
11686	6	0
11687	6	0
11795	6	0
11810	9	0
11880	9	0
11927	6	0
11943	7	0
12070	7	0
12082	7	0
12162	7	0
12164	6	0
12182	10	0
12220	7	0
12226	6	0
12252	6	0
12369	6	0
12445	9	0
12457	8	0
12496	7	0
12525	6	0
12531	8	0
12594	9	0
12627	6	0
12628	6	0
12702	9	0
12715	7	0
12725	8	0
12759	6	0
12779	10	0
12806	8	0
12864	9	0
12872	7	0
12914	10	0
12944	10	0
13007	7	0
13011	9	0
13063	6	0
13121	7	0
13146	9	0
13172	9	0
13260	8	0
13306	8	0
13369	9	0
13439	7	0
13448	6	0
13469	6	0
13616	6	0
13637	9	0
13850	8	0
13852	6	0
13933	7	0
13950	6	0
14000	9	0
14031	6	0
14052	7	0
14095	9	0
14113	10	0
14120	6	0
14190	10	0
14256	6	0
14276	7	0
14310	6	0
14345	10	0
14417	10	0
14518	8	0
14542	9	0
14621	6	0
14714	7	0
14757	7	0
14808	9	0
14814	6	0
14819	6	0
14825	8	0
14899	10	0
14909	8	0
14972	6	0
14976	10	0
15011	6	0
15063	6	0
15069	8	0
15097	9	0
15191	8	0
15233	6	0
15240	6	0
15329	7	0
15363	9	0
15400	10	0
15455	6	0
15485	9	0
15515	6	0
15532	7	0
15549	6	0
15555	8	0
15556	7	0
15577	6	0
15630	6	0
15631	6	0
15676	7	0
15706	6	0
15720	6	0
15742	7	0
15744	8	0
15762	7	0
15798	10	0
15807	9	0
15829	7	0
15903	8	0
15912	7	0
15937	10	0
15952	6	0
15954	7	0
15956	10	0
15970	10	0
16028	7	0
16050	6	0
16060	9	0
16066	8	0
16075	7	0
16199	7	0
16228	9	0
16238	6	0
16295	9	0
16329	6	0
16377	8	0
16456	6	0
16492	6	0
16509	9	0
16525	10	0
16579	10	0
16637	10	0
16661	7	0
16765	10	0
16811	6	0
16864	7	0
16884	7	0
17059	9	0
17061	9	0
17104	9	0
17147	7	0
17179	10	0
17195	6	0
17209	10	0
17225	9	0
17249	6	0
17371	9	0
17402	6	0
17436	8	0
17443	7	0
17553	7	0
17605	9	0
17616	9	0
17631	7	0
17683	6	0
17712	9	0
17813	9	0
17869	10	0
17889	10	0
17947	6	0
17954	6	0
17981	7	0
18002	10	0
18012	9	0
18023	8	0
18061	7	0
18087	6	0
18115	9	0
18120	8	0
18137	6	0
18189	8	0
18191	6	0
18201	7	0
18249	6	0
18273	9	0
18330	7	0
18386	9	0
18407	9	0
18468	8	0
18516	6	0
18577	8	0
18618	10	0
18624	8	0
18718	9	0
18827	6	0
18905	8	0
18909	9	0
18958	9	0
19005	10	0
15	3	0
198	3	0
363	5	0
416	5	0
460	4	0
475	5	0
540	3	0
646	4	0
685	4	0
842	4	0
966	3	0
972	5	0
1002	4	0
1042	3	0
1051	5	0
1064	3	0
1096	5	0
1124	5	0
1193	4	0
1256	5	0
1288	5	0
1301	5	0
1460	5	0
1547	3	0
1577	5	0
1582	5	0
1611	4	0
1640	4	0
1707	5	0
1736	3	0
1766	3	0
1845	5	0
1883	4	0
1936	4	0
1967	4	0
2218	4	0
2291	3	0
2331	5	0
2368	3	0
2431	5	0
2432	5	0
2454	3	0
2481	5	0
2483	3	0
2559	5	0
2618	3	0
2711	3	0
2781	3	0
2782	4	0
2839	4	0
2914	4	0
2996	4	0
3031	4	0
3044	3	0
3211	3	0
3349	3	0
3363	4	0
3450	3	0
3586	4	0
3634	4	0
3790	4	0
3880	3	0
4027	4	0
4048	4	0
4071	5	0
4085	5	0
4126	3	0
4172	5	0
4188	5	0
4290	4	0
4310	3	0
4313	3	0
4410	4	0
4433	4	0
4475	3	0
4637	3	0
4681	3	0
4715	4	0
4741	5	0
4771	3	0
4773	3	0
4995	5	0
5040	3	0
5265	4	0
5330	3	0
5352	4	0
5384	3	0
5406	3	0
5508	4	0
5574	3	0
5595	5	0
5658	3	0
5661	4	0
5691	4	0
5698	3	0
5833	4	0
5862	5	0
5885	5	0
5900	4	0
5936	3	0
5968	5	0
5995	3	0
6046	4	0
6055	3	0
6120	4	0
6186	3	0
6251	4	0
6348	5	0
6362	3	0
6465	3	0
6662	5	0
6726	3	0
6747	3	0
6759	5	0
7032	4	0
7070	4	0
7197	5	0
7200	4	0
7210	3	0
7298	3	0
7396	5	0
7447	3	0
7543	3	0
7630	3	0
7644	4	0
7679	4	0
7786	3	0
7859	4	0
7876	3	0
7960	5	0
7966	3	0
7991	4	0
7992	3	0
8009	3	0
8015	5	0
8078	3	0
8117	4	0
8134	4	0
8191	4	0
8323	5	0
8351	4	0
8361	5	0
8407	3	0
8583	3	0
8591	4	0
8635	3	0
8683	3	0
8704	4	0
8808	4	0
8828	3	0
8916	4	0
9013	5	0
9235	5	0
9261	4	0
9328	3	0
9344	5	0
9392	5	0
9462	4	0
9492	3	0
9576	3	0
9608	4	0
9635	5	0
9678	5	0
9762	5	0
9770	3	0
9779	4	0
9968	4	0
10065	4	0
10085	5	0
10088	5	0
10093	3	0
10111	3	0
10115	4	0
10150	3	0
10232	5	0
10267	4	0
10311	3	0
10465	4	0
10553	5	0
10570	3	0
10585	4	0
10664	4	0
10680	3	0
10702	5	0
10752	4	0
10760	4	0
10880	3	0
10881	3	0
10914	4	0
10949	3	0
11100	4	0
11127	3	0
11194	5	0
11195	5	0
11280	3	0
11305	5	0
11459	5	0
11485	3	0
11510	3	0
11523	4	0
11691	4	0
11761	4	0
11817	3	0
11844	3	0
11845	5	0
11851	3	0
11898	5	0
11982	4	0
12005	3	0
12263	5	0
12305	3	0
12329	3	0
12360	3	0
12458	3	0
12574	5	0
12626	5	0
12694	3	0
12699	3	0
12771	4	0
12833	4	0
12979	5	0
13008	3	0
13054	5	0
13149	4	0
13211	5	0
13212	3	0
13263	3	0
13308	3	0
13401	3	0
13414	5	0
13476	3	0
13717	4	0
13788	3	0
13829	3	0
13894	3	0
13983	3	0
14166	3	0
14181	3	0
14214	4	0
14220	4	0
14327	3	0
14366	4	0
14402	3	0
14409	3	0
14478	3	0
14557	3	0
14693	4	0
14711	3	0
14770	3	0
14839	3	0
15007	5	0
15126	4	0
15227	4	0
15359	4	0
15413	4	0
15524	4	0
15587	3	0
15616	4	0
15629	3	0
15817	4	0
15825	5	0
15945	5	0
15964	3	0
15981	5	0
16058	5	0
16125	5	0
16234	3	0
16268	3	0
16283	4	0
16292	3	0
16352	5	0
16388	3	0
16441	4	0
16449	4	0
16536	3	0
16662	5	0
16686	3	0
16687	3	0
16702	3	0
16759	4	0
16809	5	0
16849	4	0
16850	3	0
16863	4	0
16878	5	0
17036	4	0
17096	5	0
17197	4	0
17217	3	0
17238	5	0
17351	3	0
17398	3	0
17418	4	0
17452	5	0
17689	4	0
17772	5	0
17808	5	0
18001	4	0
18037	3	0
18086	5	0
18096	4	0
18114	5	0
18119	4	0
18138	3	0
18177	5	0
18337	3	0
18362	3	0
18459	4	0
18463	5	0
18524	3	0
18531	4	0
18555	4	0
18632	3	0
18646	5	0
18664	3	0
18697	4	0
18732	5	0
18739	3	0
18817	4	0
18878	5	0
18906	5	0
18921	3	0
1173	2	0
1787	2	0
1913	2	0
2147	2	0
2751	2	0
3608	2	0
4323	2	0
5223	2	0
5954	2	0
6526	2	0
7339	2	0
7359	2	0
8517	2	0
8642	2	0
9607	2	0
9859	2	0
9995	2	0
10804	2	0
11172	2	0
11450	2	0
11747	2	0
11869	2	0
12515	2	0
13259	2	0
13626	2	0
14400	2	0
16148	2	0
16280	2	0
16604	2	0
16638	2	0
17597	2	0
17638	2	0
18240	2	0
18740	2	0
18801	2	0
19004	2	0
7021	781	1
10543	641	1
17024	643	1
95	38	1
307	221	1
462	24	1
564	162	1
636	34	1
666	40	1
684	75	1
881	119	1
896	47	1
1003	65	1
1022	44	1
1041	27	1
1080	43	1
1084	126	1
1188	65	1
1223	153	1
1407	30	1
1532	28	1
1534	35	1
1540	24	1
1703	283	1
1880	22	1
2124	83	1
2133	33	1
2189	27	1
2212	30	1
2303	200	1
2324	79	1
2416	53	1
2642	36	1
2757	24	1
2794	52	1
2828	33	1
2872	31	1
2942	307	1
3093	27	1
3138	25	1
3281	166	1
3463	145	1
3466	53	1
3471	307	1
3513	85	1
3659	49	1
3683	46	1
3691	126	1
3761	49	1
3862	229	1
3936	27	1
3937	21	1
3942	104	1
4096	37	1
4109	79	1
4485	361	1
4601	24	1
4643	24	1
4707	32	1
4782	100	1
4843	35	1
4972	43	1
5071	231	1
5319	78	1
5334	335	1
5486	257	1
5510	71	1
5605	70	1
5620	23	1
5743	76	1
5806	36	1
6035	25	1
6269	70	1
6448	26	1
6449	80	1
6536	122	1
6550	27	1
6582	135	1
6626	110	1
6755	27	1
6772	36	1
6839	33	1
6845	282	1
6957	50	1
7151	21	1
7243	27	1
7332	344	1
7347	101	1
7478	201	1
7565	22	1
7677	30	1
7804	61	1
7909	222	1
8019	43	1
8141	26	1
8165	74	1
8192	71	1
8230	45	1
8400	36	1
8409	88	1
8544	32	1
8592	110	1
8674	85	1
8732	36	1
8735	114	1
8741	21	1
8825	22	1
8858	48	1
8915	21	1
8977	27	1
9117	90	1
9182	50	1
9315	38	1
9416	153	1
9463	54	1
9618	54	1
9641	69	1
9660	39	1
9794	95	1
9901	42	1
9963	324	1
9970	81	1
10000	90	1
10044	61	1
10060	91	1
10244	159	1
10303	110	1
10351	21	1
10446	61	1
10502	61	1
10509	137	1
10677	383	1
10788	22	1
10839	133	1
10938	85	1
11012	37	1
11156	22	1
11238	316	1
11241	30	1
11341	28	1
11440	32	1
11498	32	1
11502	49	1
11678	77	1
11714	29	1
11718	231	1
11812	69	1
11843	41	1
11850	23	1
11933	26	1
11965	126	1
11981	72	1
12010	24	1
12113	21	1
12136	29	1
12206	23	1
12222	209	1
12303	215	1
12327	25	1
12412	25	1
12479	287	1
12548	42	1
12829	64	1
12986	27	1
13114	50	1
13144	544	1
13358	56	1
13390	23	1
13466	88	1
13519	52	1
13570	93	1
13822	58	1
13841	217	1
13887	483	1
13899	43	1
13935	36	1
14041	69	1
14117	58	1
14132	45	1
14155	62	1
14167	166	1
14260	92	1
14331	25	1
14334	58	1
14388	71	1
14434	51	1
14459	37	1
14538	202	1
14541	289	1
14594	27	1
14630	45	1
14772	165	1
14800	38	1
14842	39	1
14859	78	1
14921	37	1
14995	40	1
15006	36	1
15014	35	1
15274	21	1
15289	22	1
15479	260	1
15566	62	1
15753	23	1
15801	105	1
15948	246	1
16045	287	1
16170	43	1
16236	267	1
16302	69	1
16333	22	1
16564	145	1
16749	24	1
16836	31	1
16869	116	1
16888	42	1
16896	64	1
16993	28	1
17057	260	1
17092	40	1
17101	103	1
17140	110	1
17220	32	1
17289	89	1
17430	31	1
17434	45	1
17467	26	1
17494	150	1
17518	38	1
17611	233	1
17627	39	1
17719	43	1
17760	78	1
17789	122	1
17933	146	1
17959	36	1
18017	39	1
18062	31	1
18256	26	1
18280	201	1
18389	44	1
18548	74	1
18551	34	1
18604	31	1
18703	57	1
18714	85	1
18961	42	1
58	11	1
124	13	1
148	20	1
235	13	1
755	12	1
942	11	1
959	14	1
1143	18	1
1839	12	1
2044	20	1
2052	11	1
2350	13	1
2364	12	1
2426	11	1
2570	17	1
2632	16	1
2783	15	1
3016	15	1
3092	11	1
3260	20	1
4411	14	1
4500	13	1
4603	18	1
4636	11	1
4731	20	1
4747	15	1
5032	11	1
5037	12	1
5213	16	1
5327	17	1
6180	14	1
6393	18	1
6538	13	1
6546	15	1
6579	15	1
6595	13	1
6630	17	1
6990	17	1
7135	16	1
7265	17	1
7488	12	1
7509	12	1
7566	11	1
8040	11	1
8372	17	1
8685	20	1
8713	14	1
8768	19	1
9313	16	1
9396	18	1
9771	14	1
10683	12	1
10847	18	1
11037	12	1
11128	11	1
11216	20	1
11685	19	1
11773	12	1
11796	14	1
12527	12	1
12530	11	1
12800	11	1
12903	16	1
13518	11	1
14140	12	1
14176	17	1
14188	20	1
14393	19	1
14788	15	1
15529	19	1
15547	17	1
15624	14	1
15681	13	1
15857	13	1
16121	18	1
16155	13	1
16249	14	1
16254	11	1
16575	16	1
16750	11	1
16760	11	1
16978	15	1
17314	20	1
17359	11	1
17372	16	1
17626	15	1
17817	11	1
18172	18	1
18222	12	1
18265	17	1
18364	14	1
18497	15	1
18674	18	1
18845	14	1
18847	18	1
76	7	1
286	6	1
439	10	1
486	7	1
634	6	1
869	10	1
1723	6	1
2105	7	1
2123	7	1
2546	9	1
2661	7	1
3032	7	1
3192	9	1
3302	6	1
3610	6	1
3685	6	1
3706	6	1
3824	8	1
4077	6	1
4329	6	1
4828	6	1
5143	6	1
5250	9	1
5257	6	1
5318	9	1
5501	7	1
5704	6	1
5919	9	1
5999	6	1
6315	7	1
6394	9	1
6725	10	1
7241	7	1
7927	10	1
8309	7	1
8679	10	1
8734	6	1
8821	7	1
9243	9	1
9790	7	1
9839	10	1
10355	6	1
10977	9	1
11458	9	1
11516	8	1
11702	8	1
11725	6	1
11734	8	1
12171	6	1
12380	6	1
12507	10	1
12720	8	1
12781	8	1
12802	6	1
13509	7	1
13903	10	1
14199	7	1
14253	10	1
14370	6	1
14600	8	1
14615	6	1
14678	7	1
14894	10	1
15076	10	1
15205	9	1
15372	9	1
15503	6	1
15816	8	1
16001	7	1
16202	9	1
16751	10	1
16777	10	1
17200	6	1
17221	9	1
17390	9	1
17618	6	1
17630	10	1
17714	10	1
18099	8	1
108	4	1
610	3	1
956	4	1
1741	3	1
2027	5	1
2125	3	1
3072	5	1
3145	5	1
3346	4	1
3574	4	1
3614	4	1
4499	4	1
4863	3	1
5010	3	1
6264	3	1
6882	5	1
7163	3	1
8332	3	1
8730	4	1
8756	5	1
8788	4	1
8789	3	1
9151	5	1
9425	5	1
9548	4	1
10164	3	1
10177	3	1
10290	4	1
10507	5	1
10831	4	1
11565	4	1
11661	3	1
11996	5	1
12127	4	1
12192	5	1
12851	4	1
13224	3	1
13459	5	1
13810	4	1
15022	4	1
15223	4	1
15953	4	1
16445	4	1
18028	5	1
18403	3	1
18830	5	1
562	2	1
4875	2	1
5476	2	1
7335	2	1
9069	2	1
9587	2	1
9978	2	1
11853	2	1
13352	2	1
17590	2	1
17917	2	1
18338	2	1
19023	2	1
